r=20
c=30
000000000000000000000000000000
010333033330022201100111111110
010131032230024201100133333210
010121032230023201101330003210
010121032230023201313330003210
011121333330023221222330003210
013133333330033321222333333210
011123332230032201222333333210
013333332210032201113333333310
011112211110032200033333333310
011223322110222222233333333310
011233332113222222033333333310
012333333213000000013333333310
022333333223300001133333333210
012333333213300012132233332210
011233332113330011032233333310
011223321113330010032230003310
011112211143333211132233333410
022222222222222011111111111110
000000000000000000000000000000